8.133539492128814885e+00
9.622702137767624730e-01
8.710431325998457819e-01
5.447886999485516135e+00
6.198645936102153975e+00
2.553668224962764022e+00
5.314369987821318198e+00
4.636798803523047852e+00
2.074834219152266179e+00
5.637786208286476253e+00
6.370112976916414205e+00
6.864629559969914752e+00
3.122899022632774635e-01
5.497684975947081387e-01
7.050976772856291319e+00
6.437648359561917388e+00
9.253914253196930062e+00
5.701272041684100067e+00
4.777695613933678587e+00
6.158034765774659469e+00
8.193861757011859481e+00
9.636926073505239998e+00
9.187257891972427259e+00
9.561371735324389221e+00
4.846810296681982599e+00
6.817667593016806471e+00
8.909835256836604600e+00
1.592275844543896701e+00
5.804533721241323718e+00
5.115992737772474541e+00
9.223297308257762950e+00
9.044296868150111024e+00
6.552674528585356040e-01
3.302003172678157128e+00
6.807117823227182285e-01
6.372398159725090494e+00
7.953788936992323144e+00
8.358754016362727413e+00
1.920361459461650266e+00
5.900844548419861724e+00
5.914019846205609277e-01
6.853221563353887547e+00
2.529713205890814720e+00
2.883416457020728796e+00
1.115292799098624998e+00
5.462525230603498372e+00
7.936668794964958806e+00
1.450490090838638668e+00
9.204172998412561313e+00
5.063056059348384430e+00
7.502790203878488384e+00
7.007729836022162040e+00
3.872517411804918819e+00
3.919154880272696317e+00
3.063600642421748788e+00
5.652915118436801833e+00
8.463502589011897115e+00
5.090949291056878323e+00
6.716430140557788420e+00
2.021553324436113908e+00
2.520491165142070500e+00
4.048552626079965577e+00
4.636966193960133431e+00
2.922089348168125156e+00
7.702774783539045877e+00
6.307777166140321690e+00
8.473012999019445601e+00
3.162264949461638608e+00
2.923466134697140006e+00
7.973305166559605084e+00
7.254841812211662244e+00
8.748061442090284245e+00
3.018288304936894484e+00
9.853412635006632669e+00
7.233468845646982892e+00
6.767784043465190358e+00
8.052562633965509864e-01
5.586922976190925816e+00
6.506497527700213723e+00
8.975535045660386402e+00
1.019041014243082799e+00
2.174008585611131306e+00
5.765359276794224108e+00
3.126133012253954568e+00
3.774093518486134613e+00
9.174802391932772139e+00
2.495986491484505354e+00
4.929043654722457646e+00
6.987936600861900160e+00
4.949164493177985236e+00
2.368123242711210885e+00
9.360494998464432115e+00
5.446759149892200114e+00
3.112790428421103872e+00
8.800952269459427768e+00
3.087826624313248836e+00
1.506662142069473687e+00
7.772239735357738155e+00
2.800824855137546976e+00
8.296915692341949367e+00
